0, 50.0395212;
1, 51.6412001;
2, 53.2941462;
3, 55.0000000;
4, 56.7604552;
5, 58.5772599;
6, 60.4522171;
7, 62.3871888;
8, 64.3840952;
9, 66.4449195;
10, 68.5717069;
11, 70.7665695;
12, 73.0316855;
13, 75.3693044;
14, 77.7817459;
15, 80.2714056;
16, 82.8407555;
17, 85.4923453;
18, 88.2288085;
19, 91.0528606;
20, 93.9673064;
21, 96.9750379;
22, 100.0790424;
23, 103.2824001;
24, 106.5882924;
25, 110.0000000;
26, 113.5209105;
27, 117.1545199;
28, 120.9044342;
29, 124.7743776;
30, 128.7681904;
31, 132.8898391;
32, 137.1434139;
33, 141.5331391;
34, 146.0633710;
35, 150.7386087;
36, 155.5634919;
37, 160.5428112;
38, 165.6815109;
39, 170.9846906;
40, 176.4576170;
41, 182.1057213;
42, 187.9346127;
43, 193.9500759;
44, 200.1580848;
45, 206.5648002;
46, 213.1765848;
47, 220.0000000;
48, 227.0418209;
49, 234.3090398;
50, 241.8088685;
51, 249.5487551;
52, 257.5363808;
53, 265.7796782;
54, 274.2868278;
55, 283.0662782;
56, 292.1267420;
57, 301.4772174;
58, 311.1269837;
59, 321.0856224;
60, 331.3630219;
61, 341.9693813;
62, 352.9152340;
63, 364.2114426;
64, 375.8692255;
65, 387.9001518;
66, 400.3161696;
67, 413.1296005;
68, 426.3531696;
69, 440.0000000;
70, 454.0836419;
71, 468.6180796;
72, 483.6177369;
73, 499.0975103;
74, 515.0727617;
75, 531.5593564;
76, 548.5736555;
77, 566.1325563;
78, 584.2534840;
79, 602.9544349;
80, 622.2539674;
81, 642.1712448;
82, 662.7260437;
83, 683.9387625;
84, 705.8304680;
85, 728.4228852;
86, 751.7384510;
87, 775.8003036;
88, 800.6323392;
89, 826.2592009;
90, 852.7063393;
91, 880.0000000;
92, 908.1672838;
93, 937.2361592;
94, 967.2354738;
95, 998.1950206;
96, 1030.1455233;
97, 1063.1187128;
98, 1097.1473110;
99, 1132.2651126;
100, 1168.5069680;
101, 1205.9088697;
102, 1244.5079349;
103, 1284.3424896;
104, 1325.4520875;
105, 1367.8775251;
106, 1411.6609360;
107, 1456.8457703;
108, 1503.4769020;
109, 1551.6006072;
110, 1601.2646785;
111, 1652.5184019;
112, 1705.4126785;
113, 1760.0000000;
114, 1816.3345676;
115, 1874.4723184;
116, 1934.4709476;
117, 1996.3900412;
118, 2060.2910466;
119, 2126.2374255;
120, 2194.2946220;
121, 2264.5302253;
122, 2337.0139360;
123, 2411.8177394;
124, 2489.0158698;
125, 2568.6849793;
126, 2650.9041750;
127, 2735.7550502;
